0	(0, -1.0)
0	(34, 0.25)
0	(50, 0.25)
0	(77, 0.07692307692307693)
0	(79, 0.2)
1	(0, 0.25)
1	(1, -1.0)
1	(68, 0.14285714285714285)
1	(83, 0.14285714285714285)
1	(90, 0.2)
1	(99, 0.5)
10	(10, -1.0)
10	(24, 0.14285714285714285)
10	(55, 0.14285714285714285)
10	(59, 0.25)
10	(72, 0.16666666666666666)
10	(83, 0.14285714285714285)
11	(11, -1.0)
11	(62, 0.25)
11	(86, 0.25)
12	(12, -1.0)
12	(35, 0.125)
12	(36, 0.125)
12	(54, 0.3333333333333333)
12	(69, 0.14285714285714285)
12	(7, 0.2)
12	(91, 0.2)
12	(96, 0.16666666666666666)
13	(13, -1.0)
13	(53, 0.2)
13	(78, 0.25)
13	(8, 0.25)
13	(96, 0.16666666666666666)
13	(98, 0.125)
14	(14, -1.0)
14	(47, 0.2)
14	(60, 0.2)
15	(0, 0.25)
15	(15, -1.0)
15	(26, 0.25)
15	(6, 0.25)
15	(71, 0.2)
15	(93, 0.25)
15	(98, 0.125)
16	(16, -1.0)
16	(58, 0.2)
16	(71, 0.2)
16	(89, 0.14285714285714285)
17	(17, -1.0)
17	(44, 0.3333333333333333)
17	(94, 0.25)
18	(17, 0.125)
18	(18, -1.0)
18	(24, 0.14285714285714285)
18	(29, 0.2)
18	(35, 0.125)
18	(45, 0.16666666666666666)
18	(48, 0.2)
18	(61, 0.2)
18	(83, 0.14285714285714285)
19	(19, -1.0)
19	(55, 0.14285714285714285)
19	(66, 0.16666666666666666)
19	(68, 0.14285714285714285)
19	(78, 0.25)
19	(87, 0.125)
2	(2, -1.0)
2	(32, 0.125)
2	(33, 0.25)
2	(49, 0.2)
2	(5, 0.14285714285714285)
2	(53, 0.2)
2	(67, 0.16666666666666666)
2	(82, 0.16666666666666666)
20	(20, -1.0)
20	(36, 0.125)
20	(50, 0.25)
20	(61, 0.2)
20	(70, 0.3333333333333333)
20	(87, 0.125)
20	(94, 0.25)
21	(21, -1.0)
21	(21, 1)
21	(28, 0.3333333333333333)
21	(43, 0.1111111111111111)
21	(7, 0.2)
21	(81, 0.16666666666666666)
21	(84, 0.5)
21	(88, 0.16666666666666666)
22	(22, -1.0)
22	(55, 0.14285714285714285)
22	(6, 0.25)
22	(62, 0.25)
22	(69, 0.14285714285714285)
22	(92, 0.25)
23	(23, -1.0)
23	(26, 0.25)
23	(29, 0.2)
23	(82, 0.16666666666666666)
24	(12, 0.14285714285714285)
24	(24, -1.0)
24	(4, 0.25)
24	(43, 0.1111111111111111)
24	(5, 0.14285714285714285)
24	(59, 0.25)
24	(82, 0.16666666666666666)
24	(91, 0.2)
24	(96, 0.16666666666666666)
25	(13, 0.2)
25	(22, 0.2)
25	(25, -1.0)
25	(28, 0.3333333333333333)
25	(55, 0.14285714285714285)
26	(26, -1.0)
26	(67, 0.16666666666666666)
26	(79, 0.2)
26	(81, 0.16666666666666666)
26	(88, 0.16666666666666666)
26	(90, 0.2)
27	(19, 0.2)
27	(27, -1.0)
27	(32, 0.125)
27	(52, 0.25)
27	(64, 0.14285714285714285)
27	(65, 0.5)
27	(83, 0.14285714285714285)
27	(87, 0.125)
28	(11, 0.14285714285714285)
28	(12, 0.14285714285714285)
28	(26, 0.25)
28	(28, -1.0)
28	(64, 0.14285714285714285)
28	(68, 0.14285714285714285)
28	(98, 0.125)
29	(29, -1.0)
29	(31, 0.125)
29	(49, 0.2)
29	(56, 0.2)
29	(75, 0.125)
29	(83, 0.14285714285714285)
3	(3, -1.0)
3	(32, 0.125)
3	(63, 0.25)
3	(64, 0.14285714285714285)
30	(3, 0.25)
30	(30, -1.0)
30	(36, 0.125)
30	(38, 0.3333333333333333)
30	(67, 0.16666666666666666)
30	(87, 0.125)
31	(2, 0.5)
31	(29, 0.2)
31	(31, -1.0)
31	(39, 0.2)
31	(49, 0.2)
31	(52, 0.25)
31	(64, 0.14285714285714285)
31	(67, 0.16666666666666666)
31	(80, 0.5)
31	(96, 0.16666666666666666)
32	(13, 0.2)
32	(27, 0.25)
32	(32, -1.0)
32	(67, 0.16666666666666666)
32	(77, 0.07692307692307693)
32	(82, 0.16666666666666666)
32	(85, 0.14285714285714285)
32	(89, 0.14285714285714285)
33	(13, 0.2)
33	(19, 0.2)
33	(33, -1.0)
33	(62, 0.25)
33	(64, 0.14285714285714285)
33	(9, 0.14285714285714285)
34	(34, -1.0)
34	(36, 0.125)
34	(75, 0.125)
34	(78, 0.25)
34	(92, 0.25)
35	(13, 0.2)
35	(35, -1.0)
35	(74, 0.3333333333333333)
35	(89, 0.14285714285714285)
36	(14, 0.2)
36	(29, 0.2)
36	(31, 0.125)
36	(36, -1.0)
36	(42, 0.2)
36	(56, 0.2)
37	(1, 0.5)
37	(19, 0.2)
37	(37, -1.0)
37	(44, 0.3333333333333333)
37	(75, 0.125)
37	(77, 0.07692307692307693)
37	(97, 0.25)
38	(10, 0.16666666666666666)
38	(24, 0.14285714285714285)
38	(38, -1.0)
38	(44, 0.3333333333333333)
38	(51, 0.25)
38	(58, 0.2)
38	(7, 0.2)
38	(89, 0.14285714285714285)
39	(14, 0.2)
39	(17, 0.125)
39	(39, -1.0)
39	(48, 0.2)
39	(49, 0.2)
39	(64, 0.14285714285714285)
39	(9, 0.14285714285714285)
39	(92, 0.25)
4	(10, 0.16666666666666666)
4	(4, -1.0)
4	(43, 0.1111111111111111)
4	(83, 0.14285714285714285)
4	(94, 0.25)
40	(11, 0.14285714285714285)
40	(37, 0.25)
40	(40, -1.0)
40	(68, 0.14285714285714285)
40	(77, 0.07692307692307693)
40	(89, 0.14285714285714285)
41	(17, 0.125)
41	(38, 0.3333333333333333)
41	(41, -1.0)
41	(73, 0.2)
41	(77, 0.07692307692307693)
41	(8, 0.25)
41	(9, 0.14285714285714285)
42	(3, 0.25)
42	(4, 0.25)
42	(42, -1.0)
42	(69, 0.14285714285714285)
43	(39, 0.2)
43	(43, -1.0)
43	(79, 0.2)
43	(9, 0.14285714285714285)
43	(93, 0.25)
44	(14, 0.2)
44	(41, 0.25)
44	(44, -1.0)
44	(77, 0.07692307692307693)
44	(88, 0.16666666666666666)
45	(16, 0.25)
45	(19, 0.2)
45	(3, 0.25)
45	(41, 0.25)
45	(42, 0.2)
45	(45, -1.0)
45	(51, 0.25)
45	(67, 0.16666666666666666)
45	(71, 0.2)
46	(31, 0.125)
46	(4, 0.25)
46	(46, -1.0)
46	(50, 0.25)
46	(69, 0.14285714285714285)
47	(15, 0.2)
47	(32, 0.125)
47	(47, -1.0)
47	(87, 0.125)
48	(48, -1.0)
49	(11, 0.14285714285714285)
49	(31, 0.125)
49	(41, 0.25)
49	(49, -1.0)
49	(60, 0.2)
49	(72, 0.16666666666666666)
49	(98, 0.125)
5	(47, 0.2)
5	(5, -1.0)
5	(77, 0.07692307692307693)
5	(81, 0.16666666666666666)
5	(98, 0.125)
50	(12, 0.14285714285714285)
50	(5, 0.14285714285714285)
50	(50, -1.0)
50	(73, 0.2)
50	(88, 0.16666666666666666)
50	(97, 0.25)
51	(11, 0.14285714285714285)
51	(51, -1.0)
51	(55, 0.14285714285714285)
51	(72, 0.16666666666666666)
51	(73, 0.2)
51	(75, 0.125)
51	(9, 0.14285714285714285)
52	(16, 0.25)
52	(18, 0.25)
52	(47, 0.2)
52	(52, -1.0)
52	(82, 0.16666666666666666)
52	(90, 0.2)
53	(17, 0.125)
53	(45, 0.16666666666666666)
53	(53, -1.0)
53	(60, 0.2)
53	(82, 0.16666666666666666)
54	(31, 0.125)
54	(54, -1.0)
54	(74, 0.3333333333333333)
54	(75, 0.125)
54	(85, 0.14285714285714285)
54	(87, 0.125)
55	(12, 0.14285714285714285)
55	(24, 0.14285714285714285)
55	(55, -1.0)
55	(69, 0.14285714285714285)
55	(88, 0.16666666666666666)
56	(33, 0.25)
56	(43, 0.1111111111111111)
56	(56, -1.0)
56	(60, 0.2)
57	(57, -1.0)
57	(7, 0.2)
57	(85, 0.14285714285714285)
57	(89, 0.14285714285714285)
57	(92, 0.25)
58	(33, 0.25)
58	(45, 0.16666666666666666)
58	(55, 0.14285714285714285)
58	(58, -1.0)
58	(6, 0.25)
58	(89, 0.14285714285714285)
59	(37, 0.25)
59	(59, -1.0)
59	(8, 0.25)
6	(10, 0.16666666666666666)
6	(11, 0.14285714285714285)
6	(32, 0.125)
6	(6, -1.0)
6	(61, 0.2)
6	(68, 0.14285714285714285)
60	(60, -1.0)
60	(86, 0.25)
60	(96, 0.16666666666666666)
61	(18, 0.25)
61	(36, 0.125)
61	(48, 0.2)
61	(5, 0.14285714285714285)
61	(51, 0.25)
61	(61, -1.0)
62	(14, 0.2)
62	(18, 0.25)
62	(31, 0.125)
62	(35, 0.125)
62	(55, 0.14285714285714285)
62	(62, -1.0)
62	(97, 0.25)
63	(17, 0.125)
63	(2, 0.5)
63	(25, 1.0)
63	(63, -1.0)
63	(70, 0.3333333333333333)
63	(87, 0.125)
64	(26, 0.25)
64	(35, 0.125)
64	(52, 0.25)
64	(63, 0.25)
64	(64, -1.0)
64	(85, 0.14285714285714285)
65	(22, 0.2)
65	(35, 0.125)
65	(53, 0.2)
65	(60, 0.2)
65	(63, 0.25)
65	(65, -1.0)
65	(75, 0.125)
66	(0, 0.25)
66	(35, 0.125)
66	(41, 0.25)
66	(66, -1.0)
66	(91, 0.2)
66	(93, 0.25)
66	(98, 0.125)
67	(10, 0.16666666666666666)
67	(11, 0.14285714285714285)
67	(12, 0.14285714285714285)
67	(16, 0.25)
67	(43, 0.1111111111111111)
67	(67, -1.0)
68	(27, 0.25)
68	(39, 0.2)
68	(43, 0.1111111111111111)
68	(50, 0.25)
68	(68, -1.0)
69	(32, 0.125)
69	(54, 0.3333333333333333)
69	(59, 0.25)
69	(69, -1.0)
69	(77, 0.07692307692307693)
69	(85, 0.14285714285714285)
69	(9, 0.14285714285714285)
7	(20, 0.5)
7	(34, 0.25)
7	(40, 0.25)
7	(7, -1.0)
70	(15, 0.2)
70	(27, 0.25)
70	(31, 0.125)
70	(42, 0.2)
70	(47, 0.2)
70	(70, -1.0)
70	(83, 0.14285714285714285)
71	(32, 0.125)
71	(37, 0.25)
71	(39, 0.2)
71	(40, 0.25)
71	(51, 0.25)
71	(58, 0.2)
71	(71, -1.0)
71	(86, 0.25)
72	(1, 0.5)
72	(17, 0.125)
72	(22, 0.2)
72	(28, 0.3333333333333333)
72	(40, 0.25)
72	(63, 0.25)
72	(66, 0.16666666666666666)
72	(69, 0.14285714285714285)
72	(72, -1.0)
73	(40, 0.25)
73	(47, 0.2)
73	(58, 0.2)
73	(73, -1.0)
74	(74, -1.0)
74	(79, 0.2)
74	(96, 0.16666666666666666)
75	(36, 0.125)
75	(75, -1.0)
75	(93, 0.25)
76	(13, 0.2)
76	(76, -1.0)
76	(95, 0.5)
77	(34, 0.25)
77	(36, 0.125)
77	(54, 0.3333333333333333)
77	(77, -1.0)
78	(10, 0.16666666666666666)
78	(34, 0.25)
78	(46, 1.0)
78	(53, 0.2)
78	(58, 0.2)
78	(64, 0.14285714285714285)
78	(78, -1.0)
78	(81, 0.16666666666666666)
79	(15, 0.2)
79	(17, 0.125)
79	(48, 0.2)
79	(77, 0.07692307692307693)
79	(79, -1.0)
79	(80, 0.5)
8	(66, 0.16666666666666666)
8	(8, -1.0)
8	(87, 0.125)
80	(10, 0.16666666666666666)
80	(16, 0.25)
80	(30, 0.3333333333333333)
80	(43, 0.1111111111111111)
80	(56, 0.2)
80	(6, 0.25)
80	(80, -1.0)
80	(9, 0.14285714285714285)
81	(5, 0.14285714285714285)
81	(66, 0.16666666666666666)
81	(68, 0.14285714285714285)
81	(81, -1.0)
81	(91, 0.2)
82	(78, 0.25)
82	(82, -1.0)
82	(88, 0.16666666666666666)
83	(22, 0.2)
83	(35, 0.125)
83	(45, 0.16666666666666666)
83	(66, 0.16666666666666666)
83	(77, 0.07692307692307693)
83	(83, -1.0)
83	(99, 0.5)
84	(30, 0.3333333333333333)
84	(49, 0.2)
84	(71, 0.2)
84	(73, 0.2)
84	(74, 0.3333333333333333)
84	(84, -1.0)
85	(12, 0.14285714285714285)
85	(31, 0.125)
85	(68, 0.14285714285714285)
85	(75, 0.125)
85	(77, 0.07692307692307693)
85	(85, -1.0)
86	(29, 0.2)
86	(3, 0.25)
86	(33, 0.25)
86	(4, 0.25)
86	(43, 0.1111111111111111)
86	(45, 0.16666666666666666)
86	(57, 0.25)
86	(77, 0.07692307692307693)
86	(86, -1.0)
87	(18, 0.25)
87	(77, 0.07692307692307693)
87	(8, 0.25)
87	(87, -1.0)
88	(65, 0.5)
88	(69, 0.14285714285714285)
88	(88, -1.0)
88	(95, 0.5)
89	(11, 0.14285714285714285)
89	(42, 0.2)
89	(48, 0.2)
89	(89, -1.0)
89	(97, 0.25)
9	(24, 0.14285714285714285)
9	(5, 0.14285714285714285)
9	(61, 0.2)
9	(76, 1.0)
9	(84, 0.5)
9	(9, -1.0)
90	(43, 0.1111111111111111)
90	(45, 0.16666666666666666)
90	(79, 0.2)
90	(85, 0.14285714285714285)
90	(90, -1.0)
90	(94, 0.25)
91	(32, 0.125)
91	(35, 0.125)
91	(52, 0.25)
91	(62, 0.25)
91	(75, 0.125)
91	(91, -1.0)
92	(19, 0.2)
92	(23, 0.5)
92	(27, 0.25)
92	(39, 0.2)
92	(59, 0.25)
92	(72, 0.16666666666666666)
92	(73, 0.2)
92	(92, -1.0)
92	(98, 0.125)
93	(24, 0.14285714285714285)
93	(7, 0.2)
93	(72, 0.16666666666666666)
93	(81, 0.16666666666666666)
93	(90, 0.2)
93	(93, -1.0)
94	(20, 0.5)
94	(24, 0.14285714285714285)
94	(57, 0.25)
94	(94, -1.0)
94	(98, 0.125)
95	(15, 0.2)
95	(30, 0.3333333333333333)
95	(53, 0.2)
95	(72, 0.16666666666666666)
95	(86, 0.25)
95	(91, 0.2)
95	(95, -1.0)
96	(0, 0.25)
96	(56, 0.2)
96	(57, 0.25)
96	(81, 0.16666666666666666)
96	(90, 0.2)
96	(96, -1.0)
97	(15, 0.2)
97	(22, 0.2)
97	(37, 0.25)
97	(71, 0.2)
97	(97, -1.0)
98	(12, 0.14285714285714285)
98	(14, 0.2)
98	(38, 0.3333333333333333)
98	(5, 0.14285714285714285)
98	(56, 0.2)
98	(57, 0.25)
98	(66, 0.16666666666666666)
98	(98, -1.0)
99	(17, 0.125)
99	(23, 0.5)
99	(36, 0.125)
99	(42, 0.2)
99	(61, 0.2)
99	(70, 0.3333333333333333)
99	(85, 0.14285714285714285)
99	(99, -1.0)
